快速排序思想
1:  算法描述:
	对于待排序的数A={a1,a2,a3.....an},给定一个关键字key，使得左边的部分都小于key,右边的部分都大于可以,就 可以使实现排序
    (1) i=0; j=N-1; key=a[0];
    (2)<- j--,j>key ,j<-->key
    (3)i++  i>key a[i]-->a[j];
    (4)i=j 结束
2:对数据 4 	8	7	9	3	5	6	2	进行快速排序模拟
         0	1	2	3	4	5	6	7	
(1)key=4 4	8	7	9	3	5	6	2
(11)	 2^	8	7	9	3	5	6	()^
(12)	 2  ()^	7	9	3	5	6	8^
(13)	 2	3^	7	9	()^	5	6	8
(14)	 2	3	()^	9	7^	5	6	8
(15)	2	3	4	9	7	5	6	8

第一趟 排序完毕，key=4,对0-1进行排序获得结构是:
---------------------------------------------------------------------------------
(21)key=2 2	3	4	9	7	5	6	8

做分支排序完毕，对3-7进行排序的:
(31)	2	3	4	9	7	5	6	8   (key=9)
		2	3	4	8^	7	5	6	()^
		2	3	4	8^	7	5	6	9^
第三趟排序完毕，对3-6进行排序的：
----------------------------------------------------------------------------------
（41） 2	3	4	8	7	5	6	9
（42） 2	3	4	6^	7	5	()	9	(key=8)
(43)   2	3	4	6^	7	5	8^	9
第四趟排序完毕，对3-5进行排序的：
 (51)  2	3	4	6	7	5	8	9
 (52)  2	3	4	5^	7	()^	8	9	(key=6)
(53)   2	3	4	5   ()^	7	8	9
(54)   2	3	4	5	6	7	8	9   
排序完毕


